((("GBDT" .
   [1 0 0 0])
  ("86350181" .
   [1 0 0 0 0 0 0 0])
  ("0-1" .
   [1 0 0])
  ("LDA" .
   [3 0 0])
  ("t+1" .
   [1 0 0])
  ("the" .
   [1 0 0])
  ("words" .
   [1 0 0 0 0])
  ("sampling" .
   [1 0 0 0 0 0 0 0])
  ("documents" .
   [1 0 0 0 0 0 0 0 0])
  ("information" .
   [1 0 0 0 0 0 0 0 0 0 0])
  ("NN" .
   [1 0])
  ("vs" .
   [1 0])
  ("GDBT" .
   [1 0 0 0])
  ("MapReduce" .
   [3 0 0 0 0 0 0 0 0])
  ("Dirichlet" .
   [1 0 0 0 0 0 0 0 0])
  ("Bayesian" .
   [1 0 0 0 0 0 0 0])
  ("edu" .
   [1 0 0])
  ("shicq@brandeis" .
   [1 0 0 0 0 0 0 0 0 0 0 0 0 0])
  ("Words" .
   [1 0 0 0 0])
  ("pdf" .
   [1 0 0])
  ("uses" .
   [1 0 0 0])
  ("1995" .
   [2 0 0 0])
  ("1999" .
   [1 0 0 0])
  ("Methods" .
   [1 0 0 0 0 0 0])
  ("begin" .
   [1 0 0 0 0])
  ("n-2" .
   [2 0 0])
  ("n-1" .
   [2 0 0])
  ("Model" .
   [2 0 0 0 0])
  ("Processing" .
   [1 0 0 0 0 0 0 0 0 0])
  ("and" .
   [1 0 0])
  ("2004" .
   [1 0 0 0])
  ("service" .
   [1 0 0 0 0 0 0])
  ("2007" .
   [3 0 0 0])
  ("Javascript" .
   [3 0 0 0 0 0 0 0 0 0])
  ("XML" .
   [1 0 0])
  ("C++" .
   [2 0 0])
  ("Wsdl/Soap" .
   [2 0 0 0 0 0 0 0 0])
  ("design" .
   [1 0 0 0 0 0])
  ("2012" .
   [3 0 0 0])
  ("2013" .
   [2 0 0 0])
  ("Shi" .
   [1 0 0])
  ("200" .
   [1 0 0])
  ("itemize" .
   [2 0 0 0 0 0 0])
  ("Map-Reduce" .
   [1 0 0 0 0 0 0 0 0 0])
  ("10" .
   [9 0])
  ("SHI" .
   [1 0 0])
  ("Sigma" .
   [2 0 0 0 0])
  ("12" .
   [1 0])
  ("22" .
   [2 0])
  ("1" .
   [2])
  ("呢？" .
   [1 0])
  ("或者" .
   [1 0])
  ("说明" .
   [1 0])
  ("min" .
   [1 0 0])
  ("mathbf" .
   [1 0 0 0 0 0])
  ("-1/" .
   [1 0 0])
  ("enumerate" .
   [1 0 0 0 0 0 0 0 0])
  ("二项式分布。" .
   [2 0 0 0 0 0])
  ("Function" .
   [1 0 0 0 0 0 0 0])
  ("所以引" .
   [0 0 1])
  ("因此，" .
   [3 0 0])
  ("4" .
   [1])
  ("epsilon" .
   [2 0 0 0 0 0 0])
  ("而不是，并且已知" .
   [0 0 0 0 0 0 0 1])
  ("r=1" .
   [1 0 0])
  ("那么，" .
   [2 0 1])
  ("Y=1|X" .
   [2 0 0 1 0])
  ("-t" .
   [1 0])
  ("1+e" .
   [2 0 0])
  ("png" .
   [1 0 0])
  ("mu" .
   [1 0])
  ("Y|X" .
   [1 0 0])
  ("scale=0" .
   [3 0 0 0 0 0 0])
  ("Communication" .
   [1 0 0 0 0 0 0 0 0 0 0 0 0])
  ("MT" .
   [1 0])
  ("interact" .
   [1 0 0 0 0 0 0 0])
  ("accuracy" .
   [1 0 0 0 0 0 0 0])
  ("shi-nxhtml" .
   [0 0 0 0 0 0 0 0 1 0])
  ("Machine" .
   [1 0 0 0 0 0 0])
  ("The" .
   [1 0 0])
  ("multilingual" .
   [1 0 0 0 0 0 0 0 0 0 0 0])
  ("2006" .
   [1 0 0 0])
  ("levels" .
   [1 0 0 0 0 0])
  ("interactivity" .
   [3 0 0 0 0 0 0 0 0 0 0 0 0])
  ("strategies" .
   [1 0 0 0 0 0 0 0 0 0])
  ("errors" .
   [2 0 0 0 0 0])
  ("polysemous" .
   [1 0 0 0 0 0 0 0 0 0])
  ("Fig" .
   [1 0 0])
  ("Then" .
   [1 0 0 0])
  ("level" .
   [1 0 0 0 0])
  ("that" .
   [1 0 0 0])
  ("equation" .
   [0 0 0 1 0 0 0 0])
  ("45" .
   [1 0])
  ("p@" .
   [2 0])
  ("36" .
   [1 0])
  ("26" .
   [1 0])
  ("user" .
   [1 0 0 0])
  ("to" .
   [2 0])
  ("Table" .
   [1 0 0 0 0])
  ("do" .
   [2 0])
  ("can" .
   [1 0 0])
  ("users" .
   [1 0 0 0 0])
  ("picked" .
   [1 0 0 0 0 0])
  ("analyzer" .
   [1 0 0 0 0 0 0 0])
  ("2009" .
   [6 0 0 0])
  ("2" .
   [1])
  ("2010" .
   [3 0 0 0])
  ("2008" .
   [2 0 0 0])
  ("Hu" .
   [1 0])
  ("2011" .
   [1 0 0 0])
  ("modeling" .
   [1 0 0 0 0 0 0 0])
  ("of" .
   [1 0])
  ("should" .
   [1 0 0 0 0 0])
  ("agent" .
   [1 0 0 0 0])
  ("his/her" .
   [1 0 0 0 0 0 0])
  ("rewriting" .
   [1 0 0 0 0 0 0 0 0])
  ("propose" .
   [1 0 0 0 0 0 0])
  ("emph" .
   [2 0 0 0])
  ("here" .
   [1 0 0 0])
  ("develop" .
   [1 0 0 0 0 0 0])
  ("existing" .
   [1 0 0 0 0 0 0 0])
  ("analyze" .
   [1 0 0 0 0 0 0])
  ("transparent" .
   [1 0 0 0 0 0 0 0 0 0 0])
  ("11" .
   [2 0])
  ("21" .
   [1 0])
  ("25" .
   [2 0])
  ("24" .
   [2 0])
  ("23" .
   [1 0])
  ("15" .
   [2 0])
  ("Service" .
   [1 0 0 0 0 0 0])
  ("require" .
   [1 0 0 0 0 0 0])
  ("Most" .
   [1 0 0 0])
  ("promotion" .
   [1 0 0 0 0 0 0 0 0])
  ("been" .
   [1 0 0 0])
  ("communication" .
   [1 0 0 0 0 0 0 0 0 0 0 0 0])
  ("contribution" .
   [1 0 0 0 0 0 0 0 0 0 0 0])
  ("ways" .
   [1 0 0 0])
  ("18" .
   [1 0])
  ("60" .
   [1 0])
  ("20" .
   [1 0])
  ("1949" .
   [1 0 0 0])
  ("jpg" .
   [1 0 0])
  ("1915-2000" .
   [1 0 0 0 0 0 0 0 0])
  ("1988" .
   [2 0 0 0])
  ("随机森林" .
   [1 0 0 0])
  ("alpha" .
   [5 0 0 0 0])
  ("lambda" .
   [8 0 0 0 0 0])
  ("TX+" .
   [4 0 0])
  ("beta" .
   [13 0 0 0])
  ("n+p" .
   [2 0 0])
  ("centering" .
   [1 0 0 0 0 0 0 0 0])
  ("leq" .
   [2 0 0])
  ("的后验概率，" .
   [0 0 0 0 0 1])
  ("sigma" .
   [4 0 0 0 0])
  ("log" .
   [3 0 0])
  ("j=1" .
   [4 0 0])
  ("lim" .
   [1 0 0])
  ("i=1" .
   [1 0 0])
  ("form" .
   [1 0 0 0])
  ("k+1" .
   [6 0 0])
  ("sum" .
   [3 0 0])
  ("home" .
   [1 0 0 0])
  ("Architecture" .
   [2 0 0 0 0 0 0 0 0 0 0 0])
  ("Example" .
   [2 0 0 0 0 0 0])
  ("system" .
   [1 0 0 0 0 0])
  ("Applications" .
   [1 0 0 0 0 0 0 0 0 0 0 0])
  ("Recognition" .
   [1 0 0 0 0 0 0 0 0 0 0])
  ("an" .
   [1 0])
  ("from" .
   [1 0 0 0])
  ("University" .
   [1 0 0 0 0 0 0 0 0 0])
  ("k-1" .
   [1 0 0])
  ("so" .
   [1 0])
  ("Rule" .
   [1 0 0 0])
  ("i|" .
   [2 0])
  ("Cost" .
   [1 0 0 0])
  ("model" .
   [1 0 0 0 0])
  ("i|w" .
   [3 0 0])
  ("Models" .
   [3 0 0 0 0 0])
  ("example" .
   [1 0 0 0 0 0 0])
  ("width=1" .
   [12 0 0 0 0 0 0])
  ("Evaluation" .
   [1 0 0 0 0 0 0 0 0 0])
  ("align*" .
   [4 0 0 0 0 0])
  ("ldots" .
   [1 0 0 0 0])
  ("-1" .
   [1 0])
  ("Bigram" .
   [1 0 0 0 0 0])
  ("Estimation" .
   [3 0 0 0 0 0 0 0 0 0])
  ("i-n+2" .
   [1 0 0 0 0])
  ("-8pt" .
   [2 0 0 0])
  ("Turing" .
   [1 0 0 0 0 0])
  ("-10pt" .
   [1 0 0 0 0])
  ("-3" .
   [1 0])
  ("sufficient" .
   [1 0 0 0 0 0 0 0 0 0])
  ("unseen" .
   [1 0 0 0 0 0])
  ("new" .
   [1 0 0])
  ("shi@hotmail" .
   [1 0 0 0 0 0 0 0 0 0 0])
  ("com" .
   [1 0 0])
  ("65" .
   [1 0])
  ("label=go" .
   [2 0 0 0 0 0 0 0])
  ("architecture" .
   [2 0 0 0 0 0 0 0 0 0 0 0])
  ("trees" .
   [1 0 0 0 0])))
